time,x,y,z,phi,theta,psi,x_velocity,y_velocity,z_velocity,phi_velocity,theta_velocity,psi_velocity,rotor_speed1,rotor_speed2,rotor_speed3,rotor_speed4
0.06,-1.7184734512694927e-07,-8.502578685977524e-08,10.005662887913816,6.283054983137745,6.282720079339022,0.0,1.1497641352046473e-05,-9.879081041674456e-06,0.18874987838582222,-0.006915025371757614,-0.031563594791813705,0.0,466.0222539219445,463.54901966671747,463.8966225504906,463.353457289199
0.12000000000000001,1.8369315023931257e-05,-5.129417367483532e-06,10.02139261305129,6.282762593809974,6.280976204483512,0.0,0.0008042079217378678,-0.00019647802847127637,0.33554168262237916,-0.0010735785156566642,-0.02448490772412139,0.0,450.62755276557186,451.1990578345472,451.96398646070264,452.43454768035025
0.18,0.00011295879570542605,-2.5054284077760374e-05,10.042582907738048,6.282695976059777,6.279628615859968,0.0,0.0024786476903537517,-0.00047373416086832296,0.37079002467624533,-0.0011838375291164873,-0.018689903047989516,0.0,415.9052909157898,416.41237809672384,415.801059293965,415.7914258552889
0.23999999999999996,0.00034067142388422955,-6.36408243269554e-05,10.068387454696644,6.283040831856905,6.279149245340246,0.0,0.005189402011410276,-0.0007952710067603851,0.4893173386151494,0.016889111954774567,0.007635930570904,0.0,441.7724183191789,443.9375517862017,442.2100138730152,443.6959633966146
0.3,0.0007285679500569888,-0.00010970263806402324,10.09946344272271,0.0015270734669039498,6.279636923402702,0.0,0.0076951137828413126,-0.000605927637083924,0.5465230213685809,0.04377356412685374,0.009094333907108038,0.0,424.0543590006003,424.17948625605123,421.4587790089714,423.77591161135683
0.36000000000000004,0.00125789741792124,-0.00010636173228736124,10.134355597732505,0.003968152905700073,6.280618108803846,0.0,0.009871710588520013,0.0009652535417261747,0.6165128695815253,0.03365554958768831,0.027917433194955453,0.0,426.66727440134616,428.27098512968263,428.15736855181564,427.29673510114645
0.4200000000000001,0.0018957679496908017,3.946812214752923e-05,10.17391337741865,0.006097352259335942,6.2818594356252575,0.0,0.011238183930357458,0.004102900671415494,0.7020300217071211,0.038917356991393384,-0.0004937522296856751,0.0,433.6053988642165,431.2123644491106,432.75088610248673,433.1940938388424
0.48000000000000015,0.002599716867489024,0.00043254401709830084,10.220845208252543,0.008614337580058695,6.282058334119723,0.0,0.012216227471428058,0.009268687899830454,0.8622549362164551,0.04741169489929073,0.010012971221809924,0.0,455.95780361461783,456.7962523033907,455.56423952945414,456.24373632525635
0.5400000000000001,0.003354230275985857,0.0011836858067930925,10.276263835722393,0.011144093042453562,6.282798580787992,0.0,0.012863083689287808,0.016054649999504657,0.9849318789687298,0.028772697812021145,0.016622291814713742,0.0,444.2481118707526,444.7895347192224,445.8758968016919,444.3516578411288
0.6000000000000002,0.004131285944186419,0.0024420302099676665,10.343450023393709,0.012650155711241062,0.0002870054521935117,0.0,0.012928590760111892,0.02609419216124195,1.2543492148937823,0.016504488084238246,-0.002654825940224562,0.0,490.32792402803017,488.8937881737223,488.2541548957044,487.3381681502487
0.6600000000000003,0.004901401728920809,0.004288058031657732,10.422859282649931,0.014059024809503384,9.707212290255285e-05,0.0,0.012760752538317275,0.03557008395559042,1.3924660101961726,0.034680201113786474,-0.004207163043090995,0.0,450.1376953150936,450.012133113849,450.0181815983596,451.4869166039101
0.7200000000000003,0.005666054560093166,0.0066910798718763055,10.507360601224205,0.01577321037052215,6.283094237328454,0.0,0.012747849600057056,0.04470831060683574,1.4242026194013468,0.012103707108550646,-0.0010744304271276424,0.0,416.7075959865221,416.9813926525739,417.4735373388937,415.49940015038203
0.7800000000000004,0.00643266731811576,0.009729225756916836,10.59747074158398,0.01699013714137365,0.00027735837127540464,0.0,0.012785936571278269,0.05667094203308895,1.5792652870547426,0.032999314071647134,0.017649359827981565,0.0,455.43735840484385,456.9322645427746,455.08043927521356,456.74978067194127
0.8400000000000004,0.007188653701554854,0.013507234448171502,10.696334202850197,0.01894070018926275,0.0019604819146552543,0.0,0.012260479266034432,0.06947033203961447,1.7159839110048722,0.031511266983873465,0.04335048821699367,0.0,450.3062651050037,452.3805471590318,450.4493721663361,450.3294148322109
0.9000000000000005,0.007872171567256862,0.018085767861591356,10.802906159815729,0.020821855679394652,0.00471521188377011,0.0,0.010242230927611872,0.08334171432913916,1.8362240105485577,0.03103339714938367,0.050596463559025834,0.0,445.23309348009275,445.82671027885476,446.86674342630363,446.82812972006786
0.9600000000000005,0.008338994373912546,0.023679010259196207,10.923423029268054,0.0227323165546629,0.007447314427779794,0.0,0.004919588618569923,0.10334752311517227,2.180406019983747,0.033408936889509855,0.03276647431985161,0.0,511.9448038732068,510.67553577120805,511.92215240081237,512.0913679590878
1.0200000000000005,0.00845540406504431,0.030408061471424996,11.059453545945939,0.02473100451414556,0.00951767356774269,0.0,-0.0012645589433028705,0.12117184808132879,2.353596223659265,0.033115847940848764,0.03777523832496196,0.0,464.07328684757283,464.4666989137395,463.9088628369635,463.88623642424585
1.0800000000000005,0.008161066363814093,0.0382286647355694,11.20493335165745,0.026854153242162226,0.012209745353691126,0.0,-0.008815037572088768,0.13972972765168823,2.4954221946051964,0.039576914976346834,0.0562156999935414,0.0,453.73772172874556,455.2167599789517,455.88804690372933,456.4045022379575
1.1400000000000006,0.007386478955296069,0.04713458505616106,11.35613742428754,0.029055577319214265,0.015513160681027038,0.0,-0.01731871499503598,0.15734769873161666,2.5445935737205505,0.03018355000509173,0.05263338134706801,0.0,426.6345381042982,426.330742698781,427.32557858309076,426.5247876552852
1.2000000000000006,0.006010678187165835,0.05718892398600947,11.512030252805564,0.030937074461983904,0.01813226093476228,0.0,-0.02884938367438992,0.1779794564886023,2.6515792040692854,0.0336095203927316,0.011801490821034552,0.0,448.19961130148374,444.8696333735863,444.21208888916584,444.49327950998486
1.2600000000000007,0.003931450971226433,0.06846423869541322,11.67251238950545,0.03241099200169284,0.01906566437779489,0.0,-0.04053416350436913,0.1980378759108652,2.697708110047251,-0.007833431106760387,0.02217084433331793,0.0,426.0643928422823,426.949923451972,428.3288465528519,424.7899040065387
1.3200000000000007,0.001004193696693028,0.08117468709371187,11.842348877033283,0.031739735400203806,0.020198892350183684,0.0,-0.057185473286212686,0.22555081129131316,2.9628565078839633,-0.018920265100881198,0.011343198944151414,0.0,493.43960771210624,492.6395727263938,493.7706994714417,492.9522641755566
1.3800000000000008,-0.0028392073015800273,0.0953463926826943,12.022731928786284,0.03071315572857536,0.02092115643820147,0.0,-0.0709934529915418,0.24672297432072499,3.0496840439026642,-0.013714497795675372,0.013391812994267551,0.0,441.39854868879246,441.5674602748869,440.89820626959596,441.32817212062014
1.4400000000000008,-0.0074825689356570685,0.11070514997096984,12.206251760379862,0.0294436384647474,0.021860904851647156,0.0,-0.08386291884629014,0.26514528047896463,3.067594886731836,-0.04337634713546215,0.019855430131768183,0.0,419.90343967766756,420.46372081676463,420.0068953887167,417.4261886291588
1.5000000000000009,-0.012985164693698904,0.12723011864242106,12.393960165256507,0.02702358766472379,0.023003356840412437,0.0,-0.09967246281261323,0.28541207013443165,3.1890244075452636,-0.03485629139775966,0.01735997041300205,0.0,452.5950211451525,452.3940740854435,452.5324985390539,453.21698834265584
1.560000000000001,-0.019454867305603907,0.14491485513077093,12.58872542119072,0.024541893036746032,0.02410095734998663,0.0,-0.11608825959046891,0.30383595907413385,3.3028309809931353,-0.059378617684414575,0.020097508099931147,0.0,450.89185425111674,451.1128995731787,452.0297824554649,450.0482290380778
1.620000000000001,-0.026919217598890113,0.1636334879814834,12.789744415115424,0.021547177565333087,0.024990439588931324,0.0,-0.13282585369791736,0.31978244772345565,3.397529998970139,-0.03566890641476893,0.0013508191196494376,0.0,446.72836289521723,445.19697807411734,444.5572969610636,446.4941547334459
1.680000000000001,-0.03535374440615616,0.18321104174972824,12.99452425938383,0.01904865766139885,0.024891419869977227,0.0,-0.14832295094546566,0.3325895400986257,3.42837676148987,-0.05758740960927095,-0.008454249506132898,0.0,426.77964333170394,425.9419284099127,426.33149395896453,424.4533538202871
1.740000000000001,-0.044756930829321404,0.20353697795929548,13.202862873935462,0.015414064878956246,0.024593431056117332,0.0,-0.16507092189483982,0.3445800836295415,3.5159864564130565,-0.0673453805926421,0.001228122423791615,0.0,443.56820989107723,444.36275154633057,444.99815225892115,444.19598902171987
1.8000000000000012,-0.05518002345980493,0.22451858531936525,13.417234301205308,0.01223935272036325,0.02456174864114935,0.0,-0.18235976771961032,0.35443400169730854,3.62938093463899,-0.03356389024161166,-0.004294875567802636,0.0,452.7330422746033,452.2884393096836,451.83741465035325,454.5506501271391
1.8600000000000012,-0.06676403735885633,0.24609118173275382,13.643503183717481,0.010238139856645567,0.02465451171773303,0.0,-0.2037438835870952,0.36438094010532973,3.9119949605595945,-0.03293622770598433,0.011222214215227143,0.0,501.7559316176851,502.88120624132466,503.6797117334042,503.7248083531388
1.9200000000000013,-0.07949484270670157,0.2681510476909626,13.880967190246992,0.008014940141496396,0.025339912373377516,0.0,-0.22067741532066984,0.3707332580647937,4.00315750983348,-0.046913262676109,0.011822597450885717,0.0,448.5929247353139,448.64155239000587,449.23764804457204,448.1021268048338
1.9800000000000013,-0.0932797664313525,0.2905513512818667,14.124835582093954,0.005981635777758676,0.026131770423646117,0.0,-0.23888874344923786,0.3756916860385096,4.12535606168273,-0.015872743598775087,0.015814833939127793,0.0,458.861898616197,459.1786121998965,457.46343630032095,459.92801268793323
2.0400000000000014,-0.10819879453787748,0.3132169377935982,14.376932991422104,0.004621797323015819,0.026777797913037915,0.0,-0.2584885045476468,0.37970294636547175,4.277331741414693,-0.04188141604465004,-0.001961811060239714,0.0,470.060485671303,468.6806765311703,469.08774125057596,467.06343203330465
2.1000000000000014,-0.12436334145115724,0.3360954761885285,14.64034367683161,0.002226503504531685,0.02708296332366711,0.0,-0.2803223178750026,0.38261441159265147,4.502168047584622,-0.036265626582719375,0.01637932476265862,0.0,489.86810567921907,491.230104800523,491.36946147662206,491.78497842918057
2.1600000000000015,-0.14175649188768905,0.3590851751814269,14.913819782319536,0.00025839698091889574,0.028001209481762324,0.0,-0.2995366442410202,0.3834926704099608,4.613258046434348,-0.02664642316774832,0.013062044498270978,0.0,459.2156108175271,458.9522602030479,459.11669142323933,459.87893973963077
2.2200000000000015,-0.16029555807400428,0.38208894376010105,15.193052159969449,6.282545970868375,0.02853551016954281,0.0,-0.31849087415131977,0.38318168231245103,4.694156090729181,0.001706163967545398,-0.001074626647018532,0.0,452.025811392184,450.88492772936536,449.2483863054704,451.5417460181044
2.2800000000000016,-0.17998466393058138,0.40506138632264216,15.477298349639689,6.282805982657145,0.028781635715261267,0.0,-0.3378143132742979,0.3825854070250752,4.780357065999915,0.00912935150514282,0.012842137771051077,0.0,451.892874866235,453.01338217710105,453.76396739024017,454.3594813645834
2.3400000000000016,-0.20079847855238359,0.4280052912716846,15.765242496395233,0.00012577817843606454,0.029293540430783693,0.0,-0.35603713286791094,0.38226074971853574,4.817619202921723,0.006957082915094839,-0.0019004635236461167,0.0,439.65228763974085,438.4288503121301,438.3586467124299,438.1779565248553
2.4000000000000017,-0.22277752732004696,0.4509392372719484,16.057636586889934,0.00023443259151978424,0.0293301836041433,0.0,-0.37658189849115126,0.382234351476448,4.928376113267493,-0.01124248363856259,0.005211939191367403,0.0,461.51509284988015,462.0761816850276,462.61391470882535,461.17844864650976
2.4600000000000017,-0.2459290718420462,0.4738693916751824,16.3545431616051,6.282616750231213,0.029427927628404404,0.0,-0.3951528851410807,0.3820351584500673,4.968334556079172,-0.01805064691488298,-0.006724609872445123,0.0,441.09250999931004,440.1054902259853,441.4132004540151,440.8510446492742
2.520000000000002,-0.27011548697546506,0.4967730473028764,16.651147728303098,6.281551302064919,0.029164876682846064,0.0,-0.41104289988796633,0.38133333699126265,4.918700511455855,-0.01717750775745639,-7.192671623747768e-05,0.0,412.26434653635096,412.85191760789166,411.026488611502,411.1039170422662
2.580000000000002,-0.29532814890488296,0.5196125696294775,16.94736896933984,6.2803334608924715,0.028893072576138934,0.0,-0.4293655453862575,0.37988042392491334,4.955182866312035,-0.02740874683130628,-0.015406379417567274,0.0,440.28779038745,439.0171714083015,440.11489543697223,439.2671607175783
2.640000000000002,-0.3216942833073063,0.5423336532419976,17.24792390688001,6.279145122707053,0.028228167797737846,0.0,-0.4494138208906627,0.37734700717577124,5.062846431064612,-0.007803598740173256,-0.0035950806013883103,0.0,461.4403772892449,462.3720756704465,461.53793355783654,463.0828759484169
2.700000000000002,-0.34931014799984583,0.564874314925133,17.556991470722128,6.279339853084556,0.027868680114434774,0.0,-0.47106298224284876,0.3740033734290388,5.238614694605374,0.019246993268836117,-0.011276104812455674,0.0,483.45918558319124,482.88013455031137,482.2785233398457,484.31759435657085
2.760000000000002,-0.3781961936534041,0.5872280985672357,17.87591531153481,6.281012633851326,0.026800148042739558,0.0,-0.4916980130243369,0.371286405860178,5.39146972557034,0.041146481741352804,-0.035944074525267475,0.0,479.2379700937958,477.35905003337575,477.0896087392394,478.75911809089837
2.820000000000002,-0.4081309669539821,0.6094726157027333,18.197941854074216,0.0011532590238125806,0.024862823754260077,0.0,-0.5059743300937765,0.3704391618291712,5.342977871846338,0.0746443574440207,-0.02583159891522595,0.0,415.87047776797317,416.7549848589026,415.2349210780488,418.1658357735074
2.880000000000002,-0.4390062906741376,0.6317347730907671,18.521622543430084,0.005500707779162006,0.02392229518973288,0.0,-0.5230721205630015,0.37208724500488277,5.445887392169465,0.0676823523902662,-0.0006489310993110214,0.0,463.0974020997768,465.07436348296693,464.62450172773066,464.0820749545097
2.940000000000002,-0.47081829966536165,0.6541655815087967,18.84832455736755,0.009722290500310926,0.024107392220635404,0.0,-0.5373374895432063,0.3759694158242585,5.444176713747585,0.07523623595926596,0.009666450266888277,0.0,431.821391041259,432.69079001190784,432.5146768170707,433.15442379057055
3.000000000000002,-0.5035879601552512,0.6769485233219149,19.178893852678293,0.015008401013290928,0.024757174521435665,0.0,-0.5550363922343116,0.3839874487853388,5.574154547342114,0.10595551118110742,0.01306023837643817,0.0,473.18532256908213,473.44641870425266,472.13974798867827,474.5098325008503
3.0600000000000023,-0.5373097654123019,0.7002523747745126,19.512243607856817,0.02149855146220414,0.025586946734471816,0.0,-0.5690956763536152,0.3933391699197256,5.537658189109416,0.1122614573071952,0.015325330515675294,0.0,422.5598189110408,422.75497133598276,422.1927361189971,422.7475019426413
3.1200000000000023,-0.571964331843965,0.7242915113853966,19.84626684728176,0.027987436358918316,0.027206650124770526,0.0,-0.5861782151793721,0.40859612589919125,5.5961305592596995,0.0983065392921219,0.04364757140901562,0.0,452.4206780863317,454.6958620164477,452.358690929367,451.24335536168445
3.1800000000000024,-0.6077204434992386,0.7494112922451901,20.185230714102907,0.033542740048991604,0.0295179645502035,0.0,-0.6059339392501938,0.4293079680031334,5.702097488816036,0.07758321015451863,0.025541541456364746,0.0,468.5467457511939,467.13737326309797,468.59906235173673,466.9916843642868
3.2400000000000024,-0.6446889678561009,0.7758658734947501,20.52996561242105,0.03884201643934748,0.03122444767014354,0.0,-0.6265006892629498,0.45299972565664404,5.788590663961055,0.10397928103921955,0.033687290339871556,0.0,462.9798556911086,463.620606216992,461.8309650376816,463.9145103210817
3.3000000000000025,-0.6829657739013653,0.8039024107992874,20.881076458888142,0.0452089153448183,0.0328395742027805,0.0,-0.6495715121076722,0.48219260016872223,5.914404407566995,0.11007345326422154,0.007798744191139108,0.0,477.7905338061058,475.8124640395289,474.5868605853955,475.06351480890703
3.3600000000000025,-0.7225708414678277,0.8337084091657445,21.237143337643833,0.05163672329945612,0.03368145443201698,0.0,-0.6706558834483624,0.5119381470178007,5.954233362446808,0.1004824048936945,0.02424286493840246,0.0,450.17114887428215,451.49997047510163,451.8782243710597,451.11409512738066
3.4200000000000026,-0.7634294210191257,0.8653701224905238,21.594668743900435,0.05805393881222809,0.035556309551457055,0.0,-0.6914462932857054,0.544001783622663,5.963174842617593,0.11747895092645708,0.04248251461584741,0.0,441.69515925298595,443.19747680615313,440.8314865936126,442.2439611426608
3.4800000000000026,-0.8056686006094194,0.8992310473709971,21.955368794272438,0.06521555069965501,0.03756253165365031,0.0,-0.7167541192341329,0.5853844610524607,6.059568263666252,0.12287644406005709,0.0010337534272953953,0.0,470.7586449555354,467.5400962338014,469.08330220863866,469.51431161471555
3.5400000000000027,-0.849326925086618,0.9354912860858466,22.318360809704988,0.0722136282516379,0.03736222204874018,0.0,-0.7385265115615939,0.623905515481721,6.040201931795936,0.09968238162298101,-0.013955994573947843,0.0,434.1591417054385,432.8994234715108,436.20743979778183,434.2780187648112
3.6000000000000028,-0.8942628330352765,0.9741315252355657,22.679545128000598,0.07868524751176231,0.036825078188521765,0.0,-0.7592949749259212,0.6646247248469314,5.999430647484224,0.12056886434582058,-0.00046243303033674434,0.0,426.4422035947606,427.5936378655825,426.6992981498635,428.48951987810153
3.660000000000003,-0.940627831970354,1.0157336597409083,23.04337737519265,0.08594514574201106,0.036810319014682236,0.0,-0.7861810182223047,0.7228240513175187,6.127530909350258,0.12184282672234001,0.0001834728463982752,0.0,479.25126540016464,479.3003713758462,479.6297280620258,479.738525575268
3.720000000000003,-0.9886050410934152,1.0609800731373034,23.414836514058344,0.09305846221843872,0.036729047280238625,0.0,-0.8130339243477437,0.7860895507044021,6.253646210265935,0.11100895705761954,-0.0046233600497414306,0.0,480.8405494035369,480.4762229754382,480.627733338113,479.8172067826454
3.780000000000003,-1.0381698832963944,1.1101141211562948,23.793228181900805,0.10006058859520461,0.03725083043282318,0.0,-0.8391302920514647,0.8523548640352493,6.358712478845665,0.1261647895103699,0.027001988730506653,0.0,474.9762827089762,477.3959706319111,474.82289108670204,475.99549991635683
3.840000000000003,-1.0893542378320644,1.1634681461632166,24.17884305671026,0.10786576693106475,0.03929391542215033,0.0,-0.8671864076748143,0.9268516101642534,6.494197672177425,0.13695203556043464,0.04534424660500151,0.0,485.62109922535416,486.99564416530393,485.54573661708116,486.36835069124857
3.900000000000003,-1.142214829888737,1.2213098214144236,24.571166896729597,0.11579961522177751,0.04194870179019361,0.0,-0.8950826000547979,1.001949823928385,6.582582565436657,0.12056125826757928,0.04195581171186124,0.0,474.69260596346805,474.43342968204274,474.24594320768153,472.9997622482323
3.960000000000003,-1.1968753928111473,1.284011568415674,24.97044964678447,0.12286256761649472,0.044991710989766176,0.0,-0.9272058735265001,1.0887712325272727,6.725815798326617,0.11131912086067716,0.06413466360436773,0.0,490.96776745546805,492.6121901903359,491.57488028740005,490.9003453519304
4.020000000000002,-1.253563122795679,1.3521462514618556,25.37887828096218,0.12925560180952722,0.04955950578410473,0.0,-0.9628136583009536,1.1829738916303112,6.887291504802997,0.094729221817301,0.09311221358465646,0.0,498.7094436027273,500.8256374806156,498.2741803207709,497.06812655386454
4.080000000000001,-1.312025855198631,1.4248612770587732,25.787729975755337,0.13570440507704262,0.05599150320685364,0.0,-0.9863858806378933,1.2413605442768048,6.741809800708268,0.12521809544309567,0.12622164008576864,0.0,404.1378258610688,407.1227678417473,402.4449322425323,405.2069247872729
4.14,-1.3723084831888086,1.5019195619199797,26.193288647809744,0.1428665618655618,0.06334977558017219,0.0,-1.023708182244052,1.3278744399967526,6.776347824460742,0.10389698246297717,0.11429232389010335,0.0,463.7577652770342,462.83244870818385,462.0985761853682,460.42639152727
4.199999999999998,-1.4348562978834873,1.5840483891637287,26.599185599804947,0.14888020075928576,0.07147762927162571,0.0,-1.0618655188738024,1.4102564838759786,6.753443239497617,0.09164317340329153,0.16020733030295264,0.0,443.83740025010854,447.60631697824243,445.2153774696822,444.2199887341197
4.259999999999997,-1.4999658805012999,1.6714753541382341,27.005393860130862,0.15396726737718414,0.08099462135767066,0.0,-1.1093132108859132,1.5043974356564889,6.786345753966546,0.0652914783958644,0.15523311861890013,0.0,463.82613011247486,463.4579301273934,463.3870698282971,461.31575322011014
4.319999999999996,-1.5684343207990536,1.7652576462759137,27.41753566220361,0.15773883415474454,0.09029598268227002,0.0,-1.1739148038231433,1.6218995449873848,6.950390604932543,0.05749064013561926,0.1545990194558928,0.0,503.1519629823681,503.1256855811819,502.6022694746134,502.0387979470444
4.379999999999995,-1.640677229325173,1.8656323171265001,27.836132774197736,0.16151174043832306,0.09947764637657386,0.0,-1.2350193144842112,1.7241605481814177,7.002216327202288,0.07192370244201567,0.1496883293838947,0.0,472.82290204894264,472.46487439370344,471.615957012499,472.7322716028262
4.439999999999993,-1.7167047790858976,1.972118942558448,28.257238525077458,0.16618665502301067,0.10814967609669335,0.0,-1.3000155839424465,1.8257167489389259,7.0341057782061105,0.08779336625389848,0.13147471143720027,0.0,468.9236551698235,467.5244223208718,466.43036226592983,467.67284629941935
4.499999999999992,-1.796360192284395,2.0841299952031194,28.676356071294663,0.17120632712997885,0.11628347534196504,0.0,-1.355806098045641,1.9084062782485331,6.936780319845909,0.07376235663431023,0.14268497160127527,0.0,426.8890602136261,427.8625340931589,427.9190179274617,426.7285316258198
4.559999999999991,-1.8798823885363445,2.2017404307031323,29.092902611889265,0.17545811857355265,0.12506746950002423,0.0,-1.4290166621621503,2.012243092759563,6.9476688645809945,0.06432619267279405,0.15294438893797116,0.0,460.7614113659986,461.59112822732163,462.6566251044299,461.9164897763011
4.6199999999999894,-1.9686570485109975,2.3266072258419257,29.515459202009733,0.1792687806783544,0.1341400582805079,0.0,-1.531017172692674,2.1501188027711433,7.135893156731828,0.0618295426891708,0.14749797604750836,0.0,515.8292779834738,515.4624815700055,514.2975132360654,514.1229416382724
4.679999999999988,-2.0631276622288777,2.4589898017997798,29.944670553427805,0.18369278267312072,0.14298388903614168,0.0,-1.6187685142536092,2.2628822459000157,7.170494935268444,0.09062222098195738,0.14719506662343085,0.0,472.85644879829863,472.85204061377874,472.6018422868944,474.8201538567582
4.739999999999987,-2.1631135992455977,2.5983211601021123,30.376470204964523,0.19018391953741265,0.15187013245633185,0.0,-1.714859866373819,2.381910452245593,7.221971052822357,0.13022246106053498,0.14986065785344724,0.0,478.48985564633324,478.7116484550526,479.49201235299233,482.50044690664134
4.799999999999986,-2.2684751558883716,2.7442210424203948,30.807723391692058,0.19794365256752489,0.16123947886107537,0.0,-1.7979405487212348,2.4820048810986775,7.15305798930253,0.12748103369038896,0.16644087304108676,0.0,442.70702137147885,444.0924914095138,444.357192306981,444.147644301673
4.859999999999984,-2.3789974025433738,2.896266560534252,31.234937581511534,0.2054598670409966,0.1712399906882096,0.0,-1.8869437854294087,2.5867360777308095,7.087269327953775,0.12044035154987622,0.16713913452082832,0.0,444.6547328433748,444.73848103034635,445.7212694585234,445.15952096364276
4.919999999999983,-2.494481107767526,3.054067932502395,31.655133195880147,0.21226925957417642,0.18163174557754136,0.0,-1.9633053922368133,2.67385689298861,6.919804572418797,0.09360310127055302,0.18315614043432246,0.0,409.94913988038564,411.4016255535128,411.94456717464686,409.57595425638357
4.979999999999982,-2.6158495486002917,3.2184969317633554,32.07137736693586,0.21863171058465003,0.19271937300869002,0.0,-2.0832373196674694,2.807456543038265,6.954077214944171,0.12346756462859548,0.1878783867769647,0.0,475.86402422258294,476.25605888974593,475.2206557233473,477.513570209562
5.0399999999999805,-2.743440553973606,3.389736708629974,32.48373904542111,0.22603127419107505,0.204083696590331,0.0,-2.170666919420875,2.9010822682826696,6.791724741360309,0.12304182673259562,0.19229234316006966,0.0,412.90643360699477,413.3336227839043,413.4977511018315,413.47526333551474
