time,x,y,z,phi,theta,psi,x_velocity,y_velocity,z_velocity,phi_velocity,theta_velocity,psi_velocity,rotor_speed1,rotor_speed2,rotor_speed3,rotor_speed4
0.06,9.659825383618221e-08,1.8003720303646353e-06,0.004305963094172572,0.0010972648394087514,6.2829890983474215,0.0,1.280998874304769e-05,0.0001346472192630847,0.14352410380418495,0.04091330587942893,-0.010779128383472458,0.0,451.63347258543473,450.7634589567968,448.1368790643424,451.4496712137886
0.12000000000000001,7.906911459309933e-06,4.589645710776246e-05,0.01725011446628072,0.004690537471569556,6.282086690892108,0.0,0.00032972034311436974,0.0016796280074680716,0.2879207490444968,0.08303826590858689,-0.02532481018597753,0.0,451.9982325011976,450.82475544266003,448.4836129950191,451.8936600404049
0.18,5.8110789144693145e-05,0.00027157195241782795,0.03884134658016858,0.01065237427901966,6.280370849500001,0.0,0.001518148898079494,0.00644898619934593,0.43173871302697364,0.12037776607630682,-0.036110734453205666,0.0,451.96484748680814,451.0946106463202,448.35441205053974,451.38511218124637
0.23999999999999996,0.0002198699066708113,0.0009232325281477642,0.06904272462225226,0.01881598589681399,6.27788601997044,0.0,0.004122534537392093,0.01611804094229956,0.5749000368533146,0.15651582533115607,-0.05498510812903548,0.0,452.22093670336824,450.69728544336283,448.31728562374195,451.2595260792429
0.3,0.000596925754802625,0.0023423230889131935,0.10780500469968675,0.029040417589257572,6.274312894663343,0.0,0.00881533264129253,0.03225466148301377,0.7170707099781006,0.18923704500982072,-0.07075336787823341,0.0,452.30656050122167,451.032524279364,447.99853253355445,450.6773401974256
0.36000000000000004,0.0013378121802982365,0.004961999165960912,0.15509833584307403,0.04125792207014989,6.269767808274192,0.0,0.016353172457421662,0.05635067948030366,0.859229093169179,0.22291265413483924,-0.08830902508599378,0.0,452.6136307553767,451.1941503327701,448.2286342819406,450.99554647499804
0.4200000000000001,0.002634642842410687,0.009302504779631111,0.21088684966029028,0.05554664947027721,6.2642199845449404,0.0,0.02745774129142432,0.08983329911889536,1.0001951754424792,0.25819201611237164,-0.10242724222970231,0.0,452.31328363690585,451.1678139093533,448.28469559558425,451.19605716801976
0.48000000000000015,0.004722078167123166,0.015971519006534138,0.27508188174908665,0.07212346009505932,6.25793349859666,0.0,0.042791594148728566,0.1342016532661941,1.1393865910640695,0.298711525071774,-0.10993536199589286,0.0,451.8205830779832,451.20548946286,448.1198875659529,451.47470406780997
0.5400000000000001,0.007868428329339787,0.02567245886112884,0.3475823577313276,0.09104067266146743,6.251166724919434,0.0,0.06280280561217459,0.19114370759591578,1.2769693366309132,0.33648167609449364,-0.11917352495984744,0.0,452.16656465728045,451.410654554688,448.15272209614864,451.30946801859767
0.6000000000000002,0.012364198767869582,0.03920658212831203,0.42825622329937474,0.11223426248768753,6.243789854971368,0.0,0.0878310261500824,0.2622041161064884,1.411745114245089,0.3745577293513785,-0.13182093006492718,0.0,452.1864540321194,451.1530040206966,448.05241801770694,451.2607149821666
0.6600000000000003,0.01852408768689137,0.05746824181713474,0.5169246949047426,0.13582135623294622,6.23560967686052,0.0,0.11835288187060687,0.3489620014859639,1.5433490057331365,0.415901711891064,-0.14737016978984566,0.0,452.08220844345965,450.81059747954083,448.11513663831954,451.61694307751026
0.7200000000000003,0.026694617086506278,0.08144576776369103,0.6133659116554777,0.16170317991492755,6.2264415800291815,0.0,0.15494904036968996,0.4529566846874799,1.6707091036039299,0.45158697609043524,-0.16679102313584973,0.0,452.1482964906939,450.5590727672933,448.234384234195,451.312610612658
0.7800000000000004,0.03726392111424279,0.11222230899997857,0.7173399023177663,0.18959362713426664,6.216131609482892,0.0,0.19843142405722353,0.5757827640852271,1.7942930041883267,0.483026637259723,-0.18451813117582141,0.0,452.6352563171498,451.17829261290785,448.52166543383856,451.2874947116341
0.8400000000000004,0.05066622818138903,0.1509573009888724,0.8285527789201211,0.21952840602711365,6.204726473534166,0.0,0.2494889063202469,0.7184030252539706,1.9118392633827714,0.519496468923133,-0.2045394624127206,0.0,452.6262087662945,450.97709873082624,448.339169861691,451.54558730441977
0.9000000000000005,0.06737952021577134,0.1988752457842506,0.9466190007690123,0.2515776456360541,6.192270279630041,0.0,0.30891054642254356,0.8820474461230817,2.02254323813502,0.5536452010809004,-0.21455492015394378,0.0,452.3098532674233,451.46080667794257,448.5269498479153,451.5835360121732
0.9600000000000005,0.08792153308873878,0.2572630133913583,1.0710637729728258,0.28553449022532895,6.17910581956192,0.0,0.3771670872049258,1.067524186118156,2.1242508241916296,0.5831834471386619,-0.23147888566732588,0.0,452.4736126677591,451.06190025833456,448.50213166871123,451.22460997407336
1.0200000000000005,0.11283454248470569,0.3274485188642209,1.20129163049565,0.32113435081212316,6.164829445543351,0.0,0.45470255864688686,1.2753819548793772,2.215089728623518,0.6082873611721407,-0.2557280697504195,0.0,452.36718711191514,450.3538392118464,448.48851484801435,450.8873325624673
1.0800000000000005,0.14270298343880033,0.4108025403976429,1.3366536997693748,0.35823801133152244,6.149139388252738,0.0,0.542481648262893,1.5065153316771953,2.295141686639728,0.6333029617635935,-0.27666999340610304,0.0,452.2990688251514,450.5408405129768,448.9160110916812,451.3375590968566
1.1400000000000006,0.1781640453354955,0.5087212401238996,1.4764306563709249,0.3968872800646457,6.132306459615059,0.0,0.6412256114834822,1.7608846974025931,2.361987198484875,0.6598738620903446,-0.2897003889873008,0.0,452.28259614263146,451.15321312373646,448.5919796737358,451.17502498567734
1.2000000000000006,0.21988685703569755,0.6225862314883363,1.619743212665233,0.43697416513020926,6.1145933994339075,0.0,0.751256803535408,2.0380350927037245,2.4127245255588496,0.680848281761589,-0.30947829692970535,0.0,452.1810068389458,450.4968888096139,448.5079667853907,450.67373173956906
1.2600000000000007,0.2685730452375587,0.7537844772165441,1.7656340988694885,0.4783406950793001,6.0957493180545015,0.0,0.8734223312417223,2.338589616988939,2.447637852746776,0.7025993460458164,-0.3253065929332038,0.0,452.52403595238684,451.1484590205885,448.77292713083557,451.0307592640469
1.3200000000000007,0.32495675640049365,0.9036829961475945,1.913050635437538,0.5210599854567537,6.076097534374686,0.0,1.0078830318773777,2.661271708592082,2.4632839973357203,0.7260750893478197,-0.3323795222268108,0.0,451.87412738930317,451.1953279816186,448.79964508952344,451.22984106418755
1.3800000000000008,0.3897842175362988,1.0735973226201223,2.0607958436674974,0.5653714310297442,6.056022458894546,0.0,1.1548655484280794,3.0056621025360566,2.4582832528276204,0.755886722174673,-0.3393908428410136,0.0,452.2004850894721,451.52226760051104,448.4721007643859,451.4550783342661
1.4400000000000008,0.4637942338290878,1.2647844673790645,2.2075342724952964,0.6114971369019457,6.035476003495887,0.0,1.3139397842947165,3.3702185660070305,2.4294003256374905,0.7865421008726942,-0.34934750375605056,0.0,451.8338432195593,450.911498183687,448.38468548057506,451.48447392657977
1.5000000000000009,0.5477121375230516,1.4784333431248262,2.351785880353652,0.6593539315268675,6.014270614220674,0.0,1.485105038832292,3.7541859046776254,2.375054345348456,0.8135501435023794,-0.3631290050759831,0.0,452.1924330580051,450.9537347912628,448.27087229922057,451.1259823783054
1.560000000000001,0.642260032513603,1.7156654024362032,2.4919587271125794,0.7089414626135131,5.992094149224304,0.0,1.6682558281043351,4.156060175057039,2.2931071117254214,0.8442651068985029,-0.3874369879863309,0.0,452.4847176447251,450.3829618407947,448.285696997864,451.4887325903518
1.620000000000001,0.7481566664644976,1.9774979522324312,2.626327690925779,0.760477831434855,5.968497460654509,0.0,1.8634120686731548,4.573881893371302,2.1812375607412093,0.8784035953072041,-0.4086682662826487,0.0,452.5345246737602,450.66302259255775,448.01194461905686,451.5503468934867
1.680000000000001,0.8661273972665059,2.2648298490894923,2.7530371363672144,0.8139493459229525,5.943674351177982,0.0,2.0706963756857983,5.005659276705197,2.037447733137,0.9088722580904209,-0.4263948482915762,0.0,452.5261383919244,450.9207469503364,448.39685287654,451.6975086642433
1.740000000000001,0.9968809481069042,2.5783965394050226,2.8700862542994274,0.869148597289847,5.917813542227297,0.0,2.289425715673793,5.447921427511318,1.8589422309084025,0.9359575222186189,-0.44232567832115344,0.0,452.5051486837198,451.02946999566353,448.24293660128126,451.328250846872
1.8000000000000012,1.141080721005693,2.9187228394265032,2.9753326886165494,0.9260164938890245,5.891226100532794,0.0,2.518773874670989,5.897135412031216,1.6437989177460548,0.9645209677932424,-0.4447639741272177,0.0,451.8776682697433,451.47952406951674,447.80856221431435,451.0712547057404
1.8600000000000012,1.2993376982295701,3.2861353029790266,3.0665490771757473,0.9845386017612592,5.8642552980683345,0.0,2.75778624464116,6.350254683519075,1.3911069303059462,0.9910469532185335,-0.4612278256212347,0.0,452.4363461269337,450.9000568627821,447.8566908563889,451.01167971568805
1.9200000000000013,1.4721914747164089,3.6807546628897474,3.1414522715249986,1.0448964093939912,5.836325090521541,0.0,3.005149190895418,6.8034371569706416,1.0999015870118507,1.0256264099008123,-0.4757798714262519,0.0,452.1916110508694,450.7936889261508,447.66474630105216,451.53326718165226
1.9800000000000013,1.6601058076026844,4.102469840373138,3.197713578194554,1.1071004670755977,5.807362910896742,0.0,3.259577152690485,7.252832285982939,0.7696492005676902,1.0526833832195783,-0.5023629194165898,0.0,452.60673594448224,450.21874383259785,448.17904498118844,451.50621095313153
2.0400000000000014,1.8634638059470336,4.5509313638472655,3.2329876157889736,1.1709735329248465,5.776993069479779,0.0,3.5197215688241323,7.694326191656387,0.40036063658889287,1.0812877967520376,-0.5150753167023902,0.0,452.182463632643,450.8914747596083,448.2834899777993,451.79654990507214
2.1000000000000014,2.0825413726601005,5.025508194154778,3.2449348528906405,1.2363153953830501,5.7458933041737446,0.0,3.783252547286679,8.122732501912973,-0.007748934738766006,1.1011139271033346,-0.5257558652652838,0.0,451.91745670045094,450.7768884596558,448.423822540251,451.2865149676447
2.1600000000000015,2.317497187483112,5.525327122183173,3.2312800537560933,1.302812477898077,5.7140931747188795,0.0,4.04865964022383,8.535157529151247,-0.4527728503040702,1.1196433453080405,-0.5401849662050393,0.0,452.40376676967696,450.9483420773068,448.5875806700616,451.3901339811146
2.2200000000000015,2.5683834509144225,6.049329269902998,3.189870484940856,1.3703279600567866,5.681677759697308,0.0,4.3139207254533165,8.928337358423802,-0.9325553732879273,1.134538987388162,-0.5404005089380846,0.0,452.1970687597587,451.8776897229277,449.10319633618013,451.6507640782213
2.2800000000000016,2.8350641406564323,6.596190243457559,3.1186817847033494,1.438686122417253,5.649126457691093,0.0,4.57475257390208,9.29676044913492,-1.4449432141112535,1.147371181806055,-0.5471188775117327,0.0,451.9201372518413,451.07273526196593,448.49583785208574,450.91461429025395
2.3400000000000016,3.11724418809076,7.164425014220699,3.0158667886851958,1.5079138404439734,5.616154204389206,0.0,4.830207378376015,9.640530370883289,-1.9862839417674518,1.164175333326848,-0.5548478443484441,0.0,452.1465523568116,451.2097810026899,448.60232823300856,451.37615006296164
2.4000000000000017,3.4145152983006946,7.752490496447069,2.879784178296911,1.5783443237668449,5.582708884529888,0.0,5.07745121836115,9.95765605021665,-2.5533727801993598,1.1881973820397114,-0.5631125285192639,0.0,452.03019527744715,451.040592243796,448.39581313384235,451.8014567319609
2.4600000000000017,3.7262918192110686,8.358740400619382,2.708987570044575,1.6503757105330141,5.548693163947377,0.0,5.313421358674739,10.24670131011172,-3.1429419267013223,1.2177073845257351,-0.5758761603077834,0.0,451.63545685963146,450.2692697125441,447.8300730143255,451.7487089910957
2.520000000000002,4.05188972094778,8.981560108738332,2.50221885212211,1.7240352962377763,5.513950887109052,0.0,5.5379195468095075,10.510121713398268,-3.7520233413063484,1.2423319703446396,-0.5862176504003359,0.0,451.99524787589957,450.811457181952,448.18739243356373,451.7812256062374
2.580000000000002,4.390566651120985,9.61944005691849,2.2583894182293847,1.7991015608694667,5.478601997480803,0.0,5.749210732560777,10.748998418267036,-4.377925475745818,1.2644196471816713,-0.5957304441063752,0.0,452.424241449359,451.29602862513605,448.157379085787,451.6097798312779
2.640000000000002,4.74147636481376,10.270952675317119,1.9765642632631595,1.8756805555723162,5.442639660723367,0.0,5.945589893846476,10.96497104917762,-5.018263157488584,1.2930585166501511,-0.607834279803687,0.0,452.24216079862083,450.8909592346108,447.82061618547084,451.8700776136683
2.700000000000002,5.103725450828059,10.934828382198779,1.655922947481837,1.953679813027037,5.405991643339863,0.0,6.1272078453803545,11.161621873902353,-5.67164076130682,1.311018979631111,-0.6174718181742961,0.0,451.99767814505276,450.8306538870366,448.38112380187505,451.6334692437974
2.760000000000002,5.476433001556589,11.61001358689402,1.2957087153021651,2.032695849395342,5.368788142858104,0.0,6.294336730768585,11.34254617618152,-6.337325002512624,1.326614899490179,-0.6257758424136288,0.0,451.93416941016,450.86276288525266,448.29178453605607,451.40199964274206
2.820000000000002,5.858785532533721,12.295701134487066,0.8951731998924626,2.112612923695078,5.330963027584616,0.0,6.4489542591446165,11.512300831750187,-7.015791165354171,1.3408280140102904,-0.6417791208184287,0.0,452.53545618209495,450.82894249793657,448.41920490063757,451.4598333316661
2.880000000000002,6.250091665088786,12.991340813340939,0.4535174142295307,2.1934534627293143,5.292212388351274,0.0,6.59319376738406,11.674885191150139,-7.70825613020146,1.357826861974867,-0.6554878839764636,0.0,452.6109090375277,451.06945034469703,448.4418953961529,451.7506707084091
2.940000000000002,6.649798404817638,13.696608186510707,0.0,2.275085744521533,5.2526078249361365,0.0,6.729506246096859,11.83377153985688,-8.416590267197146,1.3654187294639617,-0.6712658475491662,0.0,452.6433869066551,450.91478191847546,448.6576844162657,451.2457199920458
